(1, 2, 3, 4, 5, 6, 7, 16, 9, 10, 11, 12, 13, 14, 15, 8, 17) = 22742
(1, 2, 3, 15, 5, 6, 7, 16, 9, 10, 11, 12, 13, 14, 4, 8, 17) = 22742
(1, 2, 3, 15, 5, 6, 7, 16, 9, 10, 4, 12, 13, 14, 11, 8, 17) = 22742
(1, 2, 3, 15, 5, 6, 7, 16, 9, 10, 4, 12, 13, 11, 14, 8, 17) = 22742
(1, 2, 3, 15, 8, 6, 7, 16, 9, 10, 4, 12, 13, 11, 14, 5, 17) = 24414
(1, 13, 3, 15, 5, 6, 7, 16, 9, 10, 4, 12, 2, 11, 14, 8, 17) = 22720
(1, 9, 3, 15, 5, 6, 7, 16, 13, 10, 4, 12, 2, 11, 14, 8, 17) = 23701
(1, 9, 3, 15, 5, 6, 10, 16, 13, 7, 4, 12, 2, 11, 14, 8, 17) = 23701
(1, 9, 3, 15, 5, 6, 10, 16, 2, 7, 4, 12, 13, 11, 14, 8, 17) = 23701
(1, 9, 3, 15, 4, 6, 10, 16, 2, 7, 5, 12, 13, 11, 14, 8, 17) = 25823
(1, 9, 3, 7, 5, 6, 10, 16, 2, 15, 4, 12, 13, 11, 14, 8, 17) = 22198
(1, 9, 3, 7, 5, 6, 10, 16, 2, 15, 4, 17, 13, 11, 14, 8, 12) = 22504
(1, 9, 3, 7, 5, 6, 10, 2, 16, 15, 4, 12, 13, 11, 14, 8, 17) = 22198
(1, 9, 16, 7, 5, 6, 10, 2, 3, 15, 4, 12, 13, 11, 14, 8, 17) = 19795
(1, 9, 16, 7, 5, 6, 10, 2, 3, 15, 4, 11, 13, 12, 14, 8, 17) = 19795
(1, 9, 16, 5, 7, 6, 10, 2, 3, 15, 4, 11, 13, 12, 14, 8, 17) = 19795
(1, 9, 16, 5, 7, 6, 10, 13, 3, 15, 4, 11, 2, 12, 14, 8, 17) = 19795
(1, 9, 16, 5, 7, 6, 10, 13, 3, 15, 4, 2, 11, 12, 14, 8, 17) = 19795
(1, 9, 16, 10, 7, 6, 5, 13, 3, 15, 4, 2, 11, 12, 14, 8, 17) = 20475
(1, 9, 16, 12, 7, 6, 10, 13, 3, 15, 4, 2, 11, 5, 14, 8, 17) = 19802
(1, 9, 16, 12, 7, 14, 10, 13, 3, 15, 4, 2, 11, 5, 6, 8, 17) = 20771
(1, 9, 16, 12, 7, 4, 10, 13, 3, 15, 6, 2, 11, 5, 14, 8, 17) = 20771
(1, 4, 16, 12, 7, 6, 10, 13, 3, 15, 9, 2, 11, 5, 14, 8, 17) = 21136
(7, 9, 16, 12, 1, 6, 10, 13, 3, 15, 4, 2, 11, 5, 14, 8, 17) = 12221
(5, 9, 16, 12, 1, 6, 10, 13, 3, 15, 4, 2, 11, 7, 14, 8, 17) = 18439
(7, 9, 16, 12, 1, 6, 10, 15, 3, 13, 4, 2, 11, 5, 14, 8, 17) = 12221
(7, 9, 16, 12, 1, 6, 10, 15, 3, 13, 4, 2, 14, 5, 11, 8, 17) = 12221
(7, 5, 16, 12, 1, 6, 10, 15, 3, 13, 4, 2, 14, 9, 11, 8, 17) = 12221
(7, 5, 16, 6, 1, 12, 10, 15, 3, 13, 4, 2, 14, 9, 11, 8, 17) = 12221
(7, 5, 9, 6, 1, 12, 10, 15, 3, 13, 4, 2, 14, 16, 11, 8, 17) = 17021
(7, 5, 16, 6, 1, 12, 10, 2, 3, 13, 4, 15, 14, 9, 11, 8, 17) = 12281
(7, 5, 16, 6, 17, 12, 10, 15, 3, 13, 4, 2, 14, 9, 11, 8, 1) = 12199
(7, 5, 16, 6, 17, 10, 12, 15, 3, 13, 4, 2, 14, 9, 11, 8, 1) = 12199
(7, 5, 16, 6, 17, 10, 12, 15, 3, 8, 4, 2, 14, 9, 11, 13, 1) = 14845
(15, 5, 16, 6, 17, 10, 12, 7, 3, 13, 4, 2, 14, 9, 11, 8, 1) = 12201
(4, 5, 16, 6, 17, 10, 12, 7, 3, 13, 15, 2, 14, 9, 11, 8, 1) = 13559
(15, 5, 16, 6, 17, 7, 12, 10, 3, 13, 4, 2, 14, 9, 11, 8, 1) = 12201
(15, 5, 11, 6, 17, 7, 12, 10, 3, 13, 4, 2, 14, 9, 16, 8, 1) = 16418
(15, 5, 16, 6, 17, 4, 12, 10, 3, 13, 7, 2, 14, 9, 11, 8, 1) = 11751
(15, 10, 16, 6, 17, 4, 12, 5, 3, 13, 7, 2, 14, 9, 11, 8, 1) = 11751
(11, 10, 16, 6, 17, 4, 12, 5, 3, 13, 7, 2, 14, 9, 15, 8, 1) = 12344
(15, 10, 16, 6, 17, 4, 14, 5, 3, 13, 7, 2, 12, 9, 11, 8, 1) = 11751
(15, 10, 16, 6, 17, 4, 14, 9, 3, 13, 7, 2, 12, 5, 11, 8, 1) = 14375
(15, 10, 16, 6, 11, 4, 14, 5, 3, 13, 7, 2, 12, 9, 17, 8, 1) = 11751
(15, 10, 4, 6, 11, 16, 14, 5, 3, 13, 7, 2, 12, 9, 17, 8, 1) = 16516
(15, 10, 5, 6, 11, 4, 14, 16, 3, 13, 7, 2, 12, 9, 17, 8, 1) = 15866
(15, 10, 16, 6, 11, 4, 14, 5, 3, 1, 7, 2, 12, 9, 17, 8, 13) = 11751
(15, 10, 16, 6, 11, 4, 14, 5, 2, 1, 7, 3, 12, 9, 17, 8, 13) = 14457
(15, 10, 16, 6, 11, 4, 14, 5, 3, 1, 7, 9, 12, 2, 17, 8, 13) = 11751
(15, 10, 16, 6, 11, 4, 7, 5, 3, 1, 14, 9, 12, 2, 17, 8, 13) = 14219
(15, 10, 16, 6, 7, 4, 14, 5, 3, 1, 11, 9, 12, 2, 17, 8, 13) = 14219
(15, 10, 16, 6, 7, 4, 14, 5, 3, 1, 11, 9, 12, 2, 17, 8, 13) = 14219
(15, 10, 16, 6, 11, 8, 14, 5, 3, 1, 7, 9, 12, 2, 17, 4, 13) = 11751
(15, 10, 16, 6, 5, 8, 14, 11, 3, 1, 7, 9, 12, 2, 17, 4, 13) = 11751
(15, 10, 7, 6, 5, 8, 14, 11, 3, 1, 16, 9, 12, 2, 17, 4, 13) = 17043
(15, 10, 16, 6, 5, 8, 14, 7, 3, 1, 11, 9, 12, 2, 17, 4, 13) = 11751
(15, 10, 16, 6, 5, 8, 14, 3, 7, 1, 11, 9, 12, 2, 17, 4, 13) = 11751
(15, 10, 13, 6, 5, 8, 14, 3, 7, 1, 11, 9, 12, 2, 17, 4, 16) = 15225
(16, 10, 15, 6, 5, 8, 14, 3, 7, 1, 11, 9, 12, 2, 17, 4, 13) = 17081
(15, 10, 16, 6, 5, 8, 14, 7, 3, 1, 11, 9, 12, 2, 17, 4, 13) = 11751
(15, 14, 16, 6, 5, 8, 10, 7, 3, 1, 11, 9, 12, 2, 17, 4, 13) = 11751
(15, 14, 16, 6, 5, 8, 11, 7, 3, 1, 10, 9, 12, 2, 17, 4, 13) = 15614
(15, 14, 11, 6, 5, 8, 10, 7, 3, 1, 16, 9, 12, 2, 17, 4, 13) = 21986
(10, 14, 16, 6, 5, 8, 15, 7, 3, 1, 11, 9, 12, 2, 17, 4, 13) = 15755
(15, 2, 16, 6, 5, 8, 10, 7, 3, 1, 11, 9, 12, 14, 17, 4, 13) = 14907
(15, 14, 16, 6, 5, 8, 10, 7, 3, 13, 11, 9, 12, 2, 17, 4, 1) = 11751
(15, 14, 16, 6, 5, 8, 10, 7, 3, 13, 11, 9, 12, 2, 17, 1, 4) = 11751
(15, 14, 16, 6, 5, 12, 10, 7, 3, 13, 11, 9, 8, 2, 17, 1, 4) = 11751
(15, 14, 17, 6, 5, 12, 10, 7, 3, 13, 11, 9, 8, 2, 16, 1, 4) = 16656
(8, 14, 16, 6, 5, 12, 10, 7, 3, 13, 11, 9, 15, 2, 17, 1, 4) = 12221
(15, 14, 16, 6, 5, 12, 10, 7, 3, 1, 11, 9, 8, 2, 17, 13, 4) = 11751
(15, 14, 16, 6, 5, 12, 10, 8, 3, 1, 11, 9, 7, 2, 17, 13, 4) = 11751
(15, 14, 16, 6, 5, 12, 10, 8, 3, 9, 11, 1, 7, 2, 17, 13, 4) = 11751
(15, 14, 16, 6, 13, 12, 10, 8, 3, 9, 11, 1, 7, 2, 17, 5, 4) = 7890
(15, 14, 16, 6, 13, 12, 10, 8, 3, 9, 11, 1, 7, 4, 17, 5, 2) = 13220
(15, 14, 10, 6, 13, 12, 16, 8, 3, 9, 11, 1, 7, 2, 17, 5, 4) = 16107
(15, 14, 16, 6, 13, 12, 10, 3, 8, 9, 11, 1, 7, 2, 17, 5, 4) = 8421
(15, 14, 16, 8, 13, 12, 10, 6, 3, 9, 11, 1, 7, 2, 17, 5, 4) = 16107
(15, 14, 16, 6, 13, 12, 4, 8, 3, 9, 11, 1, 7, 2, 17, 5, 10) = 15287
(15, 14, 7, 6, 13, 12, 10, 8, 3, 9, 11, 1, 16, 2, 17, 5, 4) = 11691
(15, 14, 16, 2, 13, 12, 10, 8, 3, 9, 11, 1, 7, 6, 17, 5, 4) = 12268
(15, 14, 16, 6, 13, 12, 10, 8, 3, 9, 11, 1, 7, 4, 17, 5, 2) = 13220
(15, 14, 16, 6, 13, 7, 10, 8, 3, 9, 11, 1, 12, 2, 17, 5, 4) = 12030
(15, 14, 16, 6, 13, 12, 10, 8, 3, 9, 11, 2, 7, 1, 17, 5, 4) = 7890
(15, 14, 16, 6, 8, 12, 10, 13, 3, 9, 11, 2, 7, 1, 17, 5, 4) = 11751
(15, 7, 16, 6, 13, 12, 10, 8, 3, 9, 11, 2, 14, 1, 17, 5, 4) = 12573
(7, 14, 16, 6, 13, 12, 10, 8, 3, 9, 11, 2, 15, 1, 17, 5, 4) = 16577
(15, 7, 16, 6, 13, 12, 10, 8, 3, 9, 11, 2, 14, 1, 17, 5, 4) = 12573
(15, 14, 16, 6, 13, 12, 10, 8, 3, 1, 11, 2, 7, 9, 17, 5, 4) = 7890
(15, 14, 9, 6, 13, 12, 10, 8, 3, 1, 11, 2, 7, 16, 17, 5, 4) = 14010
(2, 14, 16, 6, 13, 12, 10, 8, 3, 1, 11, 15, 7, 9, 17, 5, 4) = 13109
(15, 14, 16, 6, 13, 12, 10, 1, 3, 8, 11, 2, 7, 9, 17, 5, 4) = 8421
(5, 14, 16, 6, 13, 12, 10, 8, 3, 1, 11, 2, 7, 9, 17, 15, 4) = 13109
(15, 16, 14, 6, 13, 12, 10, 8, 3, 1, 11, 2, 7, 9, 17, 5, 4) = 7890
(15, 16, 4, 6, 13, 12, 10, 8, 3, 1, 11, 2, 7, 9, 17, 5, 14) = 16557
(15, 16, 8, 6, 13, 12, 10, 14, 3, 1, 11, 2, 7, 9, 17, 5, 4) = 16107
(15, 16, 14, 6, 13, 12, 3, 8, 10, 1, 11, 2, 7, 9, 17, 5, 4) = 13220
(15, 16, 6, 14, 13, 12, 10, 8, 3, 1, 11, 2, 7, 9, 17, 5, 4) = 7890
(15, 16, 6, 14, 13, 12, 17, 8, 3, 1, 11, 2, 7, 9, 10, 5, 4) = 10514
(15, 16, 17, 14, 13, 12, 10, 8, 3, 1, 11, 2, 7, 9, 6, 5, 4) = 16990
(15, 16, 6, 14, 13, 7, 10, 8, 3, 1, 11, 2, 12, 9, 17, 5, 4) = 12030
(15, 16, 6, 14, 13, 12, 10, 8, 4, 1, 11, 2, 7, 9, 17, 5, 3) = 11186
(15, 16, 8, 14, 13, 12, 10, 6, 3, 1, 11, 2, 7, 9, 17, 5, 4) = 16107
(15, 16, 6, 14, 13, 12, 10, 8, 3, 1, 17, 2, 7, 9, 11, 5, 4) = 7890
(15, 16, 6, 14, 13, 12, 10, 8, 3, 1, 17, 4, 7, 9, 11, 5, 2) = 7890
(15, 16, 6, 14, 12, 13, 10, 8, 3, 1, 17, 4, 7, 9, 11, 5, 2) = 16757
(15, 16, 6, 14, 12, 13, 10, 8, 3, 1, 17, 4, 7, 9, 11, 5, 2) = 16757
(15, 16, 6, 14, 13, 2, 10, 8, 3, 1, 17, 4, 7, 9, 11, 5, 12) = 9562
(15, 16, 6, 14, 13, 12, 5, 8, 3, 1, 17, 4, 7, 9, 11, 10, 2) = 10514
(15, 16, 6, 14, 13, 12, 10, 3, 8, 1, 17, 4, 7, 9, 11, 5, 2) = 7890
(15, 16, 6, 14, 13, 12, 10, 9, 8, 1, 17, 4, 7, 3, 11, 5, 2) = 7890
(1, 16, 6, 14, 13, 12, 10, 9, 8, 15, 17, 4, 7, 3, 11, 5, 2) = 17379
(15, 16, 6, 14, 13, 12, 10, 9, 8, 1, 2, 4, 7, 3, 11, 5, 17) = 7890
(15, 16, 6, 14, 13, 12, 10, 9, 8, 1, 5, 4, 7, 3, 11, 2, 17) = 13220
(15, 6, 16, 14, 13, 12, 10, 9, 8, 1, 2, 4, 7, 3, 11, 5, 17) = 19403
(15, 17, 6, 14, 13, 12, 10, 9, 8, 1, 2, 4, 7, 3, 11, 5, 16) = 14010
(15, 16, 6, 14, 13, 12, 10, 9, 8, 1, 2, 4, 11, 3, 7, 5, 17) = 7890
(11, 16, 6, 14, 13, 12, 10, 9, 8, 1, 2, 4, 15, 3, 7, 5, 17) = 11894
(15, 5, 6, 14, 13, 12, 10, 9, 8, 1, 2, 4, 11, 3, 7, 16, 17) = 14010
(15, 13, 6, 14, 16, 12, 10, 9, 8, 1, 2, 4, 11, 3, 7, 5, 17) = 7890
(15, 13, 6, 14, 5, 12, 10, 9, 8, 1, 2, 4, 11, 3, 7, 16, 17) = 14010
(15, 13, 6, 14, 16, 12, 10, 9, 8, 1, 2, 5, 11, 3, 7, 4, 17) = 10596
(15, 13, 6, 14, 16, 12, 10, 9, 8, 1, 2, 4, 11, 3, 7, 17, 5) = 7890
(9, 13, 6, 14, 16, 12, 10, 15, 8, 1, 2, 4, 11, 3, 7, 17, 5) = 18077
(15, 13, 4, 14, 16, 12, 10, 9, 8, 1, 2, 6, 11, 3, 7, 17, 5) = 16779
(13, 15, 6, 14, 16, 12, 10, 9, 8, 1, 2, 4, 11, 3, 7, 17, 5) = 18521
(12, 13, 6, 14, 16, 15, 10, 9, 8, 1, 2, 4, 11, 3, 7, 17, 5) = 18077
(2, 13, 6, 14, 16, 12, 10, 9, 8, 1, 15, 4, 11, 3, 7, 17, 5) = 17249
(15, 13, 6, 14, 16, 12, 10, 9, 8, 1, 4, 2, 11, 3, 7, 17, 5) = 10596
(15, 13, 6, 14, 16, 12, 10, 9, 8, 1, 2, 5, 11, 3, 7, 17, 4) = 8421
(15, 13, 6, 14, 16, 17, 10, 9, 8, 1, 2, 4, 11, 3, 7, 12, 5) = 12858
(15, 13, 6, 14, 8, 12, 10, 9, 16, 1, 2, 4, 11, 3, 7, 17, 5) = 13892
(15, 13, 6, 14, 10, 12, 16, 9, 8, 1, 2, 4, 11, 3, 7, 17, 5) = 15107
(15, 13, 9, 14, 16, 12, 10, 6, 8, 1, 2, 4, 11, 3, 7, 17, 5) = 15107
(15, 13, 6, 16, 14, 12, 10, 9, 8, 1, 2, 4, 11, 3, 7, 17, 5) = 7890
